# HMM Parameters for Landcover Transition Analysis
# Generated by landcover_hmm pipeline
# 
# Transition probabilities: 11x11 matrix (from class i to class j)
# Values are 4-decimal precision

# Transition probability matrix format (class numeric labels are as in labelHierarchy.json.)
# 
#                   To class
#              1 2 3 4 .... 10 11
#             -------------------
#         1  |
#         2  |
#         3  |
#  From   4  |
#  class  :  |
#         :  |
#        10  |
#        11  |

[AER2]
aer2_hmmTransitionProbabilities = [
  [0.9486, 0.0014, 0.0101, 0.0028, 0.0062, 0.0013, 0.0013, 0.0130, 0.0034, 0.0012, 0.0107],
  [0.0047, 0.9500, 0.0086, 0.0046, 0.0050, 0.0039, 0.0022, 0.0087, 0.0037, 0.0031, 0.0056],
  [0.0121, 0.0042, 0.9499, 0.0114, 0.0024, 0.0023, 0.0015, 0.0060, 0.0024, 0.0015, 0.0062],
  [0.0085, 0.0015, 0.0095, 0.9492, 0.0020, 0.0035, 0.0014, 0.0129, 0.0051, 0.0037, 0.0027],
  [0.0176, 0.0030, 0.0110, 0.0036, 0.9500, 0.0016, 0.0013, 0.0040, 0.0052, 0.0013, 0.0015],
  [0.0118, 0.0159, 0.0158, 0.0196, 0.0094, 0.8768, 0.0066, 0.0079, 0.0080, 0.0200, 0.0082],
  [0.0027, 0.0032, 0.0067, 0.0035, 0.0026, 0.0024, 0.9500, 0.0075, 0.0028, 0.0024, 0.0164],
  [0.0194, 0.0012, 0.0111, 0.0074, 0.0062, 0.0010, 0.0010, 0.9486, 0.0013, 0.0010, 0.0017],
  [0.0062, 0.0023, 0.0065, 0.0092, 0.0103, 0.0017, 0.0016, 0.0047, 0.9500, 0.0039, 0.0035],
  [0.0032, 0.0040, 0.0039, 0.0078, 0.0029, 0.0053, 0.0027, 0.0033, 0.0144, 0.9497, 0.0027],
  [0.0138, 0.0038, 0.0097, 0.0042, 0.0017, 0.0020, 0.0085, 0.0024, 0.0019, 0.0022, 0.9498]]

[AER3]
aer3_hmmTransitionProbabilities = [
  [0.9475, 0.0035, 0.0106, 0.0049, 0.0010, 0.0020, 0.0010, 0.0085, 0.0055, 0.0020, 0.0134],
  [0.0154, 0.8700, 0.0165, 0.0079, 0.0048, 0.0057, 0.0011, 0.0289, 0.0355, 0.0059, 0.0084],
  [0.0081, 0.0047, 0.9487, 0.0126, 0.0012, 0.0042, 0.0010, 0.0071, 0.0044, 0.0028, 0.0054],
  [0.0135, 0.0039, 0.0094, 0.9428, 0.0010, 0.0052, 0.0010, 0.0042, 0.0076, 0.0051, 0.0064],
  [0.0160, 0.0034, 0.0108, 0.0032, 0.9500, 0.0015, 0.0012, 0.0045, 0.0065, 0.0012, 0.0015],
  [0.0110, 0.0129, 0.0145, 0.0230, 0.0010, 0.8797, 0.0010, 0.0142, 0.0144, 0.0179, 0.0104],
  [0.0025, 0.0036, 0.0060, 0.0034, 0.0025, 0.0022, 0.9500, 0.0073, 0.0024, 0.0022, 0.0180],
  [0.0230, 0.0043, 0.0074, 0.0031, 0.0045, 0.0019, 0.0010, 0.9457, 0.0046, 0.0019, 0.0024],
  [0.0084, 0.0043, 0.0064, 0.0111, 0.0046, 0.0030, 0.0010, 0.0046, 0.9468, 0.0061, 0.0037],
  [0.0035, 0.0039, 0.0041, 0.0087, 0.0010, 0.0145, 0.0010, 0.0035, 0.0185, 0.9383, 0.0029],
  [0.0140, 0.0042, 0.0094, 0.0047, 0.0010, 0.0039, 0.0046, 0.0041, 0.0037, 0.0037, 0.9466]]

[AER4]
aer4_hmmTransitionProbabilities = [
  [0.9486, 0.0013, 0.0125, 0.0020, 0.0015, 0.0011, 0.0011, 0.0094, 0.0031, 0.0011, 0.0183],
  [0.0096, 0.8383, 0.0182, 0.0142, 0.0086, 0.0072, 0.0035, 0.0205, 0.0576, 0.0137, 0.0087],
  [0.0095, 0.0037, 0.9499, 0.0183, 0.0024, 0.0021, 0.0015, 0.0039, 0.0026, 0.0020, 0.0043],
  [0.0142, 0.0016, 0.0129, 0.9492, 0.0012, 0.0032, 0.0010, 0.0039, 0.0071, 0.0034, 0.0023],
  [0.0953, 0.0529, 0.0769, 0.0563, 0.4427, 0.0423, 0.0370, 0.0561, 0.0487, 0.0432, 0.0486],
  [0.0031, 0.0055, 0.0051, 0.0150, 0.0029, 0.9499, 0.0027, 0.0038, 0.0039, 0.0051, 0.0029],
  [0.0548, 0.0551, 0.0598, 0.0542, 0.0572, 0.0527, 0.4360, 0.0567, 0.0530, 0.0530, 0.0675],
  [0.0287, 0.0020, 0.0058, 0.0028, 0.0033, 0.0013, 0.0013, 0.9489, 0.0024, 0.0014, 0.0022],
  [0.0071, 0.0048, 0.0053, 0.0110, 0.0037, 0.0023, 0.0018, 0.0045, 0.9500, 0.0065, 0.0030],
  [0.0026, 0.0048, 0.0041, 0.0091, 0.0024, 0.0051, 0.0023, 0.0025, 0.0152, 0.9497, 0.0022],
  [0.0198, 0.0029, 0.0068, 0.0035, 0.0038, 0.0023, 0.0040, 0.0025, 0.0024, 0.0022, 0.9498]]

[AER5]
aer5_hmmTransitionProbabilities = [
  [0.9481, 0.0031, 0.0086, 0.0028, 0.0010, 0.0011, 0.0011, 0.0136, 0.0040, 0.0012, 0.0156],
  [0.0990, 0.4547, 0.0536, 0.0443, 0.0048, 0.0199, 0.0203, 0.1501, 0.0454, 0.0247, 0.0831],
  [0.0080, 0.0048, 0.9492, 0.0110, 0.0012, 0.0030, 0.0032, 0.0067, 0.0036, 0.0027, 0.0065],
  [0.0107, 0.0022, 0.0112, 0.9487, 0.0010, 0.0039, 0.0015, 0.0029, 0.0079, 0.0072, 0.0029],
  [0.0160, 0.0034, 0.0108, 0.0032, 0.9500, 0.0015, 0.0012, 0.0045, 0.0065, 0.0012, 0.0015],
  [0.0033, 0.0036, 0.0040, 0.0148, 0.0010, 0.9493, 0.0029, 0.0043, 0.0047, 0.0089, 0.0032],
  [0.0733, 0.0619, 0.0633, 0.0602, 0.0024, 0.0570, 0.4367, 0.0607, 0.0580, 0.0569, 0.0696],
  [0.0281, 0.0028, 0.0057, 0.0028, 0.0045, 0.0014, 0.0015, 0.9463, 0.0030, 0.0015, 0.0024],
  [0.0084, 0.0033, 0.0057, 0.0090, 0.0046, 0.0027, 0.0020, 0.0059, 0.9473, 0.0069, 0.0042],
  [0.0030, 0.0031, 0.0042, 0.0080, 0.0010, 0.0056, 0.0027, 0.0029, 0.0175, 0.9491, 0.0030],
  [0.0173, 0.0036, 0.0101, 0.0036, 0.0010, 0.0028, 0.0042, 0.0028, 0.0027, 0.0027, 0.9493]]

[AER6]
aer6_hmmTransitionProbabilities = [
  [0.9475, 0.0018, 0.0105, 0.0022, 0.0010, 0.0010, 0.0010, 0.0161, 0.0046, 0.0011, 0.0132],
  [0.0814, 0.4265, 0.0396, 0.0240, 0.0048, 0.0169, 0.0011, 0.1047, 0.2475, 0.0269, 0.0265],
  [0.0087, 0.0042, 0.9487, 0.0146, 0.0012, 0.0028, 0.0010, 0.0069, 0.0038, 0.0029, 0.0053],
  [0.0091, 0.0019, 0.0111, 0.9481, 0.0010, 0.0044, 0.0010, 0.0025, 0.0073, 0.0084, 0.0051],
  [0.0160, 0.0034, 0.0108, 0.0032, 0.9500, 0.0015, 0.0012, 0.0045, 0.0065, 0.0012, 0.0015],
  [0.0038, 0.0043, 0.0053, 0.0158, 0.0010, 0.9488, 0.0010, 0.0048, 0.0050, 0.0066, 0.0037],
  [0.0025, 0.0036, 0.0060, 0.0034, 0.0025, 0.0022, 0.9500, 0.0073, 0.0024, 0.0022, 0.0180],
  [0.0330, 0.0019, 0.0056, 0.0023, 0.0045, 0.0010, 0.0010, 0.9457, 0.0019, 0.0011, 0.0020],
  [0.0085, 0.0034, 0.0058, 0.0114, 0.0046, 0.0025, 0.0010, 0.0036, 0.9468, 0.0092, 0.0033],
  [0.0023, 0.0025, 0.0037, 0.0082, 0.0010, 0.0145, 0.0010, 0.0021, 0.0141, 0.9486, 0.0019],
  [0.0172, 0.0039, 0.0077, 0.0059, 0.0010, 0.0030, 0.0046, 0.0041, 0.0030, 0.0029, 0.9466]]

[AER7]
aer7_hmmTransitionProbabilities = [
  [0.9473, 0.0011, 0.0067, 0.0038, 0.0010, 0.0010, 0.0010, 0.0112, 0.0095, 0.0010, 0.0166],
  [0.0050, 0.9466, 0.0118, 0.0034, 0.0048, 0.0037, 0.0011, 0.0093, 0.0054, 0.0028, 0.0062],
  [0.0089, 0.0056, 0.9487, 0.0096, 0.0012, 0.0027, 0.0010, 0.0061, 0.0052, 0.0022, 0.0090],
  [0.0178, 0.0013, 0.0099, 0.9481, 0.0010, 0.0045, 0.0010, 0.0020, 0.0060, 0.0056, 0.0028],
  [0.0160, 0.0034, 0.0108, 0.0032, 0.9500, 0.0015, 0.0012, 0.0045, 0.0065, 0.0012, 0.0015],
  [0.0036, 0.0040, 0.0045, 0.0179, 0.0010, 0.9488, 0.0010, 0.0042, 0.0047, 0.0058, 0.0044],
  [0.0025, 0.0036, 0.0060, 0.0034, 0.0025, 0.0022, 0.9500, 0.0073, 0.0024, 0.0022, 0.0180],
  [0.0259, 0.0026, 0.0071, 0.0026, 0.0045, 0.0017, 0.0010, 0.9457, 0.0031, 0.0019, 0.0038],
  [0.0091, 0.0033, 0.0077, 0.0108, 0.0046, 0.0024, 0.0010, 0.0051, 0.9468, 0.0056, 0.0036],
  [0.0024, 0.0017, 0.0025, 0.0099, 0.0010, 0.0078, 0.0010, 0.0014, 0.0222, 0.9486, 0.0015],
  [0.0168, 0.0035, 0.0088, 0.0053, 0.0010, 0.0034, 0.0046, 0.0033, 0.0035, 0.0031, 0.9466]]

[AER8]
aer8_hmmTransitionProbabilities = [
  [0.9474, 0.0014, 0.0112, 0.0086, 0.0010, 0.0010, 0.0010, 0.0062, 0.0056, 0.0010, 0.0157],
  [0.0225, 0.8690, 0.0261, 0.0095, 0.0048, 0.0075, 0.0011, 0.0252, 0.0125, 0.0081, 0.0137],
  [0.0123, 0.0048, 0.9487, 0.0108, 0.0012, 0.0028, 0.0010, 0.0045, 0.0033, 0.0027, 0.0081],
  [0.0147, 0.0018, 0.0127, 0.9481, 0.0010, 0.0058, 0.0010, 0.0022, 0.0051, 0.0043, 0.0034],
  [0.0160, 0.0034, 0.0108, 0.0032, 0.9500, 0.0015, 0.0012, 0.0045, 0.0065, 0.0012, 0.0015],
  [0.0032, 0.0030, 0.0033, 0.0221, 0.0010, 0.9488, 0.0010, 0.0062, 0.0039, 0.0052, 0.0023],
  [0.0025, 0.0036, 0.0060, 0.0034, 0.0025, 0.0022, 0.9500, 0.0073, 0.0024, 0.0022, 0.0180],
  [0.0189, 0.0064, 0.0054, 0.0035, 0.0045, 0.0030, 0.0010, 0.9457, 0.0055, 0.0027, 0.0034],
  [0.0113, 0.0034, 0.0051, 0.0108, 0.0046, 0.0026, 0.0010, 0.0060, 0.9468, 0.0052, 0.0032],
  [0.0026, 0.0025, 0.0029, 0.0094, 0.0010, 0.0086, 0.0010, 0.0025, 0.0190, 0.9486, 0.0018],
  [0.0191, 0.0035, 0.0093, 0.0037, 0.0010, 0.0029, 0.0046, 0.0030, 0.0030, 0.0033, 0.9466]]

[AER9]
aer9_hmmTransitionProbabilities = [
  [0.9475, 0.0019, 0.0122, 0.0076, 0.0010, 0.0017, 0.0010, 0.0061, 0.0036, 0.0017, 0.0157],
  [0.0668, 0.4544, 0.0711, 0.0615, 0.0048, 0.0649, 0.0011, 0.0765, 0.0762, 0.0624, 0.0603],
  [0.0084, 0.0040, 0.9487, 0.0181, 0.0012, 0.0032, 0.0010, 0.0043, 0.0034, 0.0028, 0.0050],
  [0.0247, 0.0012, 0.0093, 0.9481, 0.0010, 0.0041, 0.0010, 0.0016, 0.0040, 0.0032, 0.0017],
  [0.0160, 0.0034, 0.0108, 0.0032, 0.9500, 0.0015, 0.0012, 0.0045, 0.0065, 0.0012, 0.0015],
  [0.0033, 0.0036, 0.0043, 0.0200, 0.0010, 0.9488, 0.0010, 0.0040, 0.0039, 0.0071, 0.0029],
  [0.0025, 0.0036, 0.0060, 0.0034, 0.0025, 0.0022, 0.9500, 0.0073, 0.0024, 0.0022, 0.0180],
  [0.0219, 0.0094, 0.0118, 0.0079, 0.0045, 0.0066, 0.0010, 0.9060, 0.0148, 0.0078, 0.0082],
  [0.0085, 0.0042, 0.0055, 0.0089, 0.0046, 0.0033, 0.0010, 0.0066, 0.9468, 0.0065, 0.0041],
  [0.0028, 0.0031, 0.0033, 0.0079, 0.0010, 0.0060, 0.0010, 0.0025, 0.0244, 0.9457, 0.0023],
  [0.0234, 0.0033, 0.0073, 0.0033, 0.0010, 0.0027, 0.0046, 0.0027, 0.0024, 0.0025, 0.9466]]

[AER10]
aer10_hmmTransitionProbabilities = [
  [0.9475, 0.0023, 0.0081, 0.0030, 0.0010, 0.0014, 0.0010, 0.0132, 0.0055, 0.0015, 0.0156],
  [0.1064, 0.4483, 0.0784, 0.0606, 0.0048, 0.0345, 0.0011, 0.0838, 0.0505, 0.0381, 0.0934],
  [0.0078, 0.0042, 0.9487, 0.0142, 0.0012, 0.0042, 0.0010, 0.0046, 0.0049, 0.0034, 0.0060],
  [0.0122, 0.0020, 0.0088, 0.9481, 0.0010, 0.0047, 0.0010, 0.0024, 0.0100, 0.0057, 0.0041],
  [0.0160, 0.0034, 0.0108, 0.0032, 0.9500, 0.0015, 0.0012, 0.0045, 0.0065, 0.0012, 0.0015],
  [0.0034, 0.0036, 0.0056, 0.0175, 0.0010, 0.9488, 0.0010, 0.0041, 0.0042, 0.0074, 0.0034],
  [0.0025, 0.0036, 0.0060, 0.0034, 0.0025, 0.0022, 0.9500, 0.0073, 0.0024, 0.0022, 0.0180],
  [0.0320, 0.0025, 0.0052, 0.0022, 0.0045, 0.0012, 0.0010, 0.9457, 0.0021, 0.0013, 0.0023],
  [0.0129, 0.0026, 0.0056, 0.0107, 0.0046, 0.0016, 0.0010, 0.0045, 0.9468, 0.0055, 0.0043],
  [0.0019, 0.0019, 0.0028, 0.0117, 0.0010, 0.0084, 0.0010, 0.0015, 0.0196, 0.9486, 0.0016],
  [0.0163, 0.0044, 0.0084, 0.0051, 0.0010, 0.0034, 0.0046, 0.0036, 0.0033, 0.0033, 0.9466]]

[AER11]
aer11_hmmTransitionProbabilities = [
  [0.9475, 0.0043, 0.0089, 0.0029, 0.0010, 0.0016, 0.0010, 0.0119, 0.0080, 0.0018, 0.0110],
  [0.0205, 0.7925, 0.0357, 0.0079, 0.0048, 0.0054, 0.0011, 0.1067, 0.0108, 0.0059, 0.0085],
  [0.0080, 0.0048, 0.9487, 0.0112, 0.0012, 0.0032, 0.0010, 0.0055, 0.0046, 0.0030, 0.0089],
  [0.0176, 0.0018, 0.0089, 0.9481, 0.0010, 0.0047, 0.0010, 0.0021, 0.0075, 0.0052, 0.0021],
  [0.0160, 0.0034, 0.0108, 0.0032, 0.9500, 0.0015, 0.0012, 0.0045, 0.0065, 0.0012, 0.0015],
  [0.0033, 0.0034, 0.0042, 0.0181, 0.0010, 0.9488, 0.0010, 0.0038, 0.0046, 0.0087, 0.0031],
  [0.0025, 0.0036, 0.0060, 0.0034, 0.0025, 0.0022, 0.9500, 0.0073, 0.0024, 0.0022, 0.0180],
  [0.0212, 0.0054, 0.0093, 0.0031, 0.0045, 0.0020, 0.0010, 0.9457, 0.0032, 0.0021, 0.0025],
  [0.0112, 0.0041, 0.0057, 0.0093, 0.0046, 0.0019, 0.0010, 0.0079, 0.9468, 0.0041, 0.0034],
  [0.0025, 0.0022, 0.0030, 0.0094, 0.0010, 0.0054, 0.0010, 0.0017, 0.0233, 0.9486, 0.0018],
  [0.0165, 0.0043, 0.0109, 0.0035, 0.0010, 0.0032, 0.0046, 0.0036, 0.0028, 0.0029, 0.9466]]

[AER12]
aer12_hmmTransitionProbabilities = [
  [0.9475, 0.0025, 0.0085, 0.0040, 0.0010, 0.0014, 0.0010, 0.0093, 0.0090, 0.0013, 0.0144],
  [0.0298, 0.5334, 0.0556, 0.0242, 0.0048, 0.0183, 0.0011, 0.2447, 0.0470, 0.0197, 0.0213],
  [0.0096, 0.0040, 0.9487, 0.0168, 0.0012, 0.0028, 0.0010, 0.0047, 0.0032, 0.0025, 0.0054],
  [0.0144, 0.0018, 0.0112, 0.9481, 0.0010, 0.0064, 0.0010, 0.0023, 0.0071, 0.0042, 0.0025],
  [0.0160, 0.0034, 0.0108, 0.0032, 0.9500, 0.0015, 0.0012, 0.0045, 0.0065, 0.0012, 0.0015],
  [0.0023, 0.0028, 0.0040, 0.0234, 0.0010, 0.9488, 0.0010, 0.0043, 0.0060, 0.0046, 0.0018],
  [0.0025, 0.0036, 0.0060, 0.0034, 0.0025, 0.0022, 0.9500, 0.0073, 0.0024, 0.0022, 0.0180],
  [0.0178, 0.0070, 0.0073, 0.0034, 0.0045, 0.0029, 0.0010, 0.9457, 0.0044, 0.0028, 0.0031],
  [0.0119, 0.0036, 0.0062, 0.0102, 0.0046, 0.0024, 0.0010, 0.0053, 0.9468, 0.0048, 0.0032],
  [0.0024, 0.0024, 0.0040, 0.0086, 0.0010, 0.0043, 0.0010, 0.0024, 0.0242, 0.9486, 0.0014],
  [0.0171, 0.0042, 0.0118, 0.0034, 0.0010, 0.0028, 0.0046, 0.0031, 0.0027, 0.0027, 0.9466]]

[AER13]
aer13_hmmTransitionProbabilities = [
  [0.9469, 0.0010, 0.0065, 0.0036, 0.0010, 0.0010, 0.0010, 0.0054, 0.0031, 0.0010, 0.0295],
  [0.0056, 0.9500, 0.0140, 0.0033, 0.0048, 0.0025, 0.0011, 0.0069, 0.0029, 0.0021, 0.0068],
  [0.0087, 0.0033, 0.9468, 0.0200, 0.0012, 0.0032, 0.0010, 0.0042, 0.0036, 0.0030, 0.0052],
  [0.0144, 0.0010, 0.0140, 0.9475, 0.0010, 0.0043, 0.0010, 0.0023, 0.0064, 0.0053, 0.0029],
  [0.0160, 0.0034, 0.0108, 0.0032, 0.9500, 0.0015, 0.0012, 0.0045, 0.0065, 0.0012, 0.0015],
  [0.0044, 0.0022, 0.0052, 0.0164, 0.0010, 0.9475, 0.0010, 0.0052, 0.0051, 0.0077, 0.0043],
  [0.0025, 0.0036, 0.0060, 0.0034, 0.0025, 0.0022, 0.9500, 0.0073, 0.0024, 0.0022, 0.0180],
  [0.0299, 0.0010, 0.0083, 0.0050, 0.0045, 0.0039, 0.0010, 0.9259, 0.0108, 0.0040, 0.0057],
  [0.0176, 0.0014, 0.0134, 0.0166, 0.0046, 0.0096, 0.0010, 0.0138, 0.8970, 0.0137, 0.0114],
  [0.0135, 0.0016, 0.0166, 0.0232, 0.0010, 0.0203, 0.0010, 0.0120, 0.0395, 0.8596, 0.0118],
  [0.0251, 0.0019, 0.0098, 0.0031, 0.0010, 0.0020, 0.0046, 0.0030, 0.0021, 0.0019, 0.9456]]

[AER14]
# AER 14 is too small in our AOI, and hence contain too few training points, to allow for 
# robust estimation of HMM probabilities.
# Hence, we use estimated probabilities from its nearest neighbour: AER 9.
aer14_hmmTransitionProbabilities = ${AER9:aer9_hmmTransitionProbabilities}

[AER18]
aer18_hmmTransitionProbabilities = [
  [0.9475, 0.0017, 0.0072, 0.0056, 0.0010, 0.0015, 0.0010, 0.0061, 0.0044, 0.0015, 0.0225],
  [0.0579, 0.4761, 0.0631, 0.0459, 0.0048, 0.0476, 0.0011, 0.0905, 0.1104, 0.0589, 0.0436],
  [0.0085, 0.0041, 0.9487, 0.0135, 0.0012, 0.0041, 0.0010, 0.0052, 0.0039, 0.0033, 0.0067],
  [0.0151, 0.0021, 0.0135, 0.9481, 0.0010, 0.0046, 0.0010, 0.0026, 0.0053, 0.0042, 0.0025],
  [0.0160, 0.0034, 0.0108, 0.0032, 0.9500, 0.0015, 0.0012, 0.0045, 0.0065, 0.0012, 0.0015],
  [0.0040, 0.0045, 0.0046, 0.0150, 0.0010, 0.9488, 0.0010, 0.0050, 0.0056, 0.0069, 0.0035],
  [0.0025, 0.0036, 0.0060, 0.0034, 0.0025, 0.0022, 0.9500, 0.0073, 0.0024, 0.0022, 0.0180],
  [0.0584, 0.0533, 0.0491, 0.0305, 0.0045, 0.0259, 0.0010, 0.6382, 0.0746, 0.0307, 0.0338],
  [0.0293, 0.0311, 0.0231, 0.0215, 0.0046, 0.0126, 0.0010, 0.0347, 0.8035, 0.0241, 0.0144],
  [0.0201, 0.0324, 0.0196, 0.0273, 0.0010, 0.0341, 0.0010, 0.0244, 0.0503, 0.7739, 0.0159],
  [0.0226, 0.0029, 0.0091, 0.0028, 0.0010, 0.0026, 0.0046, 0.0029, 0.0025, 0.0023, 0.9466]]

[AER19]
aer19_hmmTransitionProbabilities = [
  [0.9475, 0.0037, 0.0088, 0.0043, 0.0010, 0.0023, 0.0010, 0.0097, 0.0057, 0.0023, 0.0136],
  [0.0094, 0.9165, 0.0138, 0.0082, 0.0048, 0.0080, 0.0011, 0.0153, 0.0082, 0.0066, 0.0081],
  [0.0075, 0.0083, 0.9487, 0.0111, 0.0012, 0.0047, 0.0010, 0.0051, 0.0037, 0.0029, 0.0060],
  [0.0079, 0.0017, 0.0088, 0.9481, 0.0010, 0.0151, 0.0010, 0.0031, 0.0055, 0.0052, 0.0025],
  [0.0160, 0.0034, 0.0108, 0.0032, 0.9500, 0.0015, 0.0012, 0.0045, 0.0065, 0.0012, 0.0015],
  [0.0028, 0.0025, 0.0034, 0.0262, 0.0010, 0.9488, 0.0010, 0.0047, 0.0030, 0.0037, 0.0028],
  [0.0025, 0.0036, 0.0060, 0.0034, 0.0025, 0.0022, 0.9500, 0.0073, 0.0024, 0.0022, 0.0180],
  [0.0187, 0.0041, 0.0057, 0.0042, 0.0045, 0.0039, 0.0010, 0.9457, 0.0052, 0.0037, 0.0032],
  [0.0086, 0.0034, 0.0061, 0.0095, 0.0046, 0.0029, 0.0010, 0.0076, 0.9468, 0.0057, 0.0038],
  [0.0027, 0.0028, 0.0036, 0.0103, 0.0010, 0.0059, 0.0010, 0.0041, 0.0173, 0.9486, 0.0027],
  [0.0168, 0.0036, 0.0086, 0.0043, 0.0010, 0.0052, 0.0046, 0.0031, 0.0029, 0.0033, 0.9466]]

